
-- Step 1: published seasonal RONI vs. 3-month avg of published monthly RONI --
n=919, max|diff|=0.0067, rms=0.0032, mean=0.000069

-- single-row backout, validated against all other years --
SEAS  n  ref_year  factor_single_row  factor_mean_all_years  factor_std_all_years  max_abs_err_other_years  rms_err_other_years
 DJF 77      1983             1.2474                 1.3109                0.5992                   0.0135               0.0060
 JFM 77      1983             1.2737                 1.3120                0.3402                   0.0153               0.0075
 FMA 77      1992             1.3248                 1.2889                0.1616                   0.0260               0.0098
 MAM 77      1992             1.3545                 1.3761                0.1839                   0.0149               0.0068
 AMJ 77      1988             1.3076                 1.3570                0.2636                   0.0363               0.0153
 MJJ 77      1988             1.2592                 1.1769                0.6886                   0.0446               0.0143
 JJA 77      1988             1.2069                 1.1807                0.1072                   0.0282               0.0105
 JAS 76      1997             1.1809                 2.7157               13.1398                   0.0145               0.0063
 ASO 76      1997             1.1932                 1.1856                0.1455                   0.0136               0.0060
 SON 76      1997             1.2110                 1.2211                0.0512                   0.0116               0.0058
 OND 76      1997             1.2213                 1.2243                0.0895                   0.0119               0.0056
 NDJ 76      1982             1.2309                 1.2384                0.0710                   0.0121               0.0058

-- OLS-through-origin on the 20 most recent years, with accuracy --
SEAS  n     years   factor       se  ci95_lo  ci95_hi  rms_resid
 DJF 20 2007-2026   1.2504   0.0015   1.2475   1.2532     0.0055
 JFM 20 2007-2026   1.2797   0.0019   1.2759   1.2834     0.0060
 FMA 20 2007-2026   1.3222   0.0031   1.3160   1.3283     0.0078
 MAM 20 2007-2026   1.3598   0.0025   1.3548   1.3647     0.0048
 AMJ 20 2007-2026   1.3334   0.0073   1.3191   1.3478     0.0124
 MJJ 20 2007-2026   1.2543   0.0066   1.2413   1.2674     0.0128
 JJA 20 2007-2026   1.1948   0.0026   1.1897   1.2000     0.0063
 JAS 20 2006-2025   1.1872   0.0018   1.1837   1.1908     0.0047
 ASO 20 2006-2025   1.1985   0.0014   1.1957   1.2013     0.0045
 SON 20 2006-2025   1.2123   0.0011   1.2101   1.2145     0.0041
 OND 20 2006-2025   1.2235   0.0011   1.2213   1.2257     0.0045
 NDJ 20 2006-2025   1.2322   0.0013   1.2296   1.2347     0.0053

-- joint monthly-factor fit, 20 most recent years, n_obs=235 --
month   factor       se  ci95_lo  ci95_hi
  Jan   1.2492   0.0045   1.2403   1.2581
  Feb   1.2762   0.0050   1.2664   1.2861
  Mar   1.3352   0.0064   1.3226   1.3478
  Apr   1.3868   0.0073   1.3725   1.4011
  May   1.3608   0.0077   1.3457   1.3760
  Jun   1.2503   0.0078   1.2351   1.2655
  Jul   1.1781   0.0068   1.1648   1.1914
  Aug   1.1751   0.0059   1.1636   1.1866
  Sep   1.2005   0.0055   1.1896   1.2113
  Oct   1.2170   0.0049   1.2074   1.2265
  Nov   1.2180   0.0044   1.2094   1.2267
  Dec   1.2319   0.0044   1.2234   1.2404
overall RMS residual: 0.0048  (cf. per-season RMS 0.0041-0.0128 from the season-block fit above)

-- per-season RMS: seasonal-block fit vs. joint monthly fit --
SEAS  rms_seasonal_fit  rms_monthly_fit
 DJF            0.0055           0.0045
 JFM            0.0060           0.0047
 FMA            0.0078           0.0054
 MAM            0.0048           0.0048
 AMJ            0.0124           0.0056
 MJJ            0.0128           0.0044
 JJA            0.0063           0.0052
 JAS            0.0047           0.0048
 ASO            0.0045           0.0046
 SON            0.0041           0.0043
 OND            0.0045           0.0047
 NDJ            0.0053           0.0046

-- monthly factor fit DIRECT against Rnino34.ascii.txt, 20 most recent years --
month  n     years   factor       se  ci95_lo  ci95_hi  rms_resid
  Jan 20 2007-2026   1.2476   0.0013   1.2451   1.2501     0.0051
  Feb 20 2007-2026   1.2737   0.0016   1.2706   1.2767     0.0051
  Mar 20 2007-2026   1.3391   0.0025   1.3341   1.3441     0.0061
  Apr 20 2007-2026   1.3900   0.0027   1.3846   1.3953     0.0054
  May 20 2007-2026   1.3563   0.0026   1.3513   1.3613     0.0047
  Jun 20 2007-2026   1.2479   0.0034   1.2412   1.2546     0.0067
  Jul 20 2007-2026   1.1870   0.0025   1.1821   1.1919     0.0059
  Aug 20 2007-2026   1.1671   0.0017   1.1638   1.1705     0.0052
  Sep 20 2006-2025   1.2022   0.0017   1.1989   1.2056     0.0054
  Oct 20 2006-2025   1.2149   0.0013   1.2123   1.2175     0.0049
  Nov 20 2006-2025   1.2205   0.0012   1.2181   1.2230     0.0052
  Dec 20 2006-2025   1.2322   0.0013   1.2297   1.2347     0.0054
pooled over n=240 fitted points: rms=0.0054, bias=-0.0038 (published minus fit; the fit sits above the published values)

-- round-trip check: direct monthly factors, 3-month averaged, vs. published seasonal RONI --
SEAS  n  rms_resid
 DJF 20     0.0046
 JFM 20     0.0047
 FMA 20     0.0054
 MAM 20     0.0047
 AMJ 20     0.0057
 MJJ 20     0.0046
 JJA 20     0.0053
 JAS 19     0.0049
 ASO 19     0.0047
 SON 19     0.0044
 OND 19     0.0047
 NDJ 19     0.0047
overall RMS: 0.0049  (cf. 0.0048 for the joint-fit-from-seasonal-only approach)

-- box-mean weighting sensitivity (cos-lat vs. plain grid-cell) --
month  factor_weighted  factor_unweighted    delta  se_weighted  rms_weighted  rms_unweighted
  Jan           1.2476             1.2449  -0.0027       0.0013        0.0051          0.0051
  Feb           1.2737             1.2710  -0.0026       0.0016        0.0051          0.0050
  Mar           1.3391             1.3359  -0.0032       0.0025        0.0061          0.0062
  Apr           1.3900             1.3865  -0.0034       0.0027        0.0054          0.0056
  May           1.3563             1.3530  -0.0033       0.0026        0.0047          0.0048
  Jun           1.2479             1.2450  -0.0029       0.0034        0.0067          0.0065
  Jul           1.1870             1.1848  -0.0023       0.0025        0.0059          0.0061
  Aug           1.1671             1.1648  -0.0023       0.0017        0.0052          0.0053
  Sep           1.2022             1.1999  -0.0024       0.0017        0.0054          0.0052
  Oct           1.2149             1.2124  -0.0026       0.0013        0.0049          0.0049
  Nov           1.2205             1.2178  -0.0027       0.0012        0.0052          0.0051
  Dec           1.2322             1.2293  -0.0029       0.0013        0.0054          0.0053
max |delta factor| = 0.0034, max |delta rms| = 0.00021

-- publication convention: monthly series --
      sample          model   n  rms_raw  bias_raw  offset_fit  rms_after_offset  floor_exact  rms_floor  max_floor  round_exact  rms_round  max_round  trunc_exact  rms_trunc  max_trunc
  last 20 yr through-origin 240   0.0054   -0.0038     -0.0042            0.0037       0.8292     0.0045     0.0300       0.6208     0.0063     0.0200       0.4083     0.0079     0.0300
  last 20 yr   offset refit 240   0.0056   -0.0042     -0.0042            0.0037       0.8792     0.0039     0.0300       0.5583     0.0067     0.0200       0.3542     0.0085     0.0300
1950-present through-origin 920   0.0063   -0.0051     -0.0051            0.0033       0.8348     0.0042     0.0300       0.4967     0.0071     0.0200       0.4685     0.0076     0.0300
1950-present   offset refit 920   0.0061   -0.0051     -0.0051            0.0033       0.8880     0.0035     0.0300       0.4870     0.0072     0.0200       0.4533     0.0079     0.0300

-- factors refit with a free intercept vs. through the origin --
month  factor_through_origin  factor_offset_refit    delta
  Jan                 1.2476               1.2461  -0.0015
  Feb                 1.2737               1.2717  -0.0019
  Mar                 1.3391               1.3365  -0.0026
  Apr                 1.3900               1.3859  -0.0041
  May                 1.3563               1.3516  -0.0047
  Jun                 1.2479               1.2456  -0.0023
  Jul                 1.1870               1.1858  -0.0013
  Aug                 1.1671               1.1658  -0.0014
  Sep                 1.2022               1.2005  -0.0018
  Oct                 1.2149               1.2136  -0.0014
  Nov                 1.2205               1.2196  -0.0009
  Dec                 1.2322               1.2313  -0.0009

-- publication convention: seasonal series --
  n  rms_raw  bias_raw  floor_exact  rms_floor  max_floor  round_exact  rms_round  max_round  trunc_exact  rms_trunc  max_trunc          model
919   0.0061   -0.0050       0.8509     0.0039     0.0200       0.4897     0.0071     0.0100       0.4668     0.0075     0.0200 through-origin
919   0.0059   -0.0050       0.8934     0.0033     0.0200       0.5005     0.0071     0.0100       0.4483     0.0078     0.0200   offset refit

-- residual by decade, refit factors (docs §7: the drift is unexplained) --
 decade   n  mean_resid  rms_resid
   1950 120     -0.0065     0.0073
   1960 120     -0.0060     0.0068
   1970 120     -0.0054     0.0062
   1980 120     -0.0048     0.0059
   1990 120     -0.0047     0.0056
   2000 120     -0.0045     0.0052
   2010 120     -0.0043     0.0053
   2020  80     -0.0041     0.0063

-- published seasonal RONI, 2020-present --
SEAS    DJF    JFM    FMA    MAM    AMJ    MJJ    JJA    JAS    ASO    SON    OND    NDJ
Year                                                                                    
2020   0.14   0.10   0.02  -0.25  -0.55  -0.72  -0.76  -0.85  -1.16  -1.37  -1.46  -1.39
2021  -1.32  -1.18  -1.08  -0.89  -0.68  -0.57  -0.60  -0.76  -0.95  -1.08  -1.24  -1.22
2022  -1.18  -1.13  -1.19  -1.26  -1.17  -0.95  -0.86  -0.94  -1.07  -1.10  -1.05  -0.99
2023  -0.86  -0.68  -0.55  -0.31  -0.04   0.28   0.54   0.79   1.04   1.30   1.42   1.40
2024   1.13   0.78   0.42   0.04  -0.28  -0.45  -0.49  -0.56  -0.67  -0.76  -0.88  -1.05
2025  -1.10  -0.85  -0.66  -0.50  -0.48  -0.36  -0.41  -0.59  -0.78  -0.93  -0.98  -1.04
2026  -0.91  -0.76  -0.44  -0.04   0.49   0.97   1.36    NaN    NaN    NaN    NaN    NaN

-- reconstruction from ERSSTv6 + the direct monthly factors --
SEAS    DJF    JFM    FMA    MAM    AMJ    MJJ    JJA    JAS    ASO    SON    OND    NDJ
Year                                                                                    
2020   0.14   0.10   0.02  -0.25  -0.55  -0.72  -0.75  -0.84  -1.16  -1.36  -1.46  -1.39
2021  -1.32  -1.18  -1.08  -0.89  -0.68  -0.57  -0.60  -0.76  -0.94  -1.08  -1.24  -1.22
2022  -1.17  -1.13  -1.19  -1.26  -1.17  -0.95  -0.86  -0.94  -1.06  -1.10  -1.05  -0.99
2023  -0.86  -0.68  -0.55  -0.31  -0.04   0.28   0.55   0.79   1.05   1.30   1.43   1.41
2024   1.14   0.78   0.43   0.04  -0.27  -0.45  -0.49  -0.56  -0.67  -0.76  -0.88  -1.04
2025  -1.09  -0.84  -0.65  -0.50  -0.47  -0.36  -0.40  -0.58  -0.78  -0.93  -0.97  -1.03
2026  -0.90  -0.75  -0.44  -0.04   0.48   0.97   1.36    NaN    NaN    NaN    NaN    NaN
 n  max_abs_err      rms  n_agree_1dp  n_recon_above_published  n_recon_below_published
79       0.0121   0.0047           75                       24                        1
rows disagreeing at the 1-decimal precision of CPC's product page:
SEAS   YR     ANOM  recon_3mo
 MAM 2020  -0.2500    -0.2530
 ASO 2021  -0.9500    -0.9443
 MJJ 2022  -0.9500    -0.9495
 OND 2022  -1.0500    -1.0500

-- per-(year, season) backed-out factor (RONI / ERSSTv6 diff_3mo) --
SEAS    DJF    JFM    FMA    MAM    AMJ    MJJ    JJA    JAS    ASO    SON    OND    NDJ
Year                                                                                    
1950   1.26   1.28   1.33   1.36   1.34   1.30   1.22   1.20   1.23   1.22   1.23   1.24
1951   1.28   1.43   1.32   1.35   1.32   1.24   1.18   1.19   1.19   1.20   1.22   1.22
1952   1.24   1.22   1.32   1.37   0.80   1.25   1.25   1.26   1.06   1.10   1.36   1.14
1953   1.23   1.26   1.33   1.35   1.31   1.25   1.20   1.18   1.18   1.21   1.20   1.21
1954   1.23   1.26   1.22   2.88   1.36   1.27   1.20   1.19   1.20   1.25   1.28   1.28
1955   1.35   1.36   1.41   1.39   1.38   1.28   1.21   1.21   1.21   1.22   1.23   1.24
1956   1.24   1.27   1.40   1.48   1.84   1.02   1.22   1.23   1.19   1.32   1.28   1.30
1957   0.00   1.31   1.34   1.34   1.33   1.25   1.19   1.17   1.18   1.20   1.22   1.23
1958   1.25   1.27   1.31   1.34   1.31   1.25   1.18   1.13   1.17   1.17   1.19   1.23
1959   1.25   1.26   1.31   1.34   1.34   1.40   1.21   1.23   1.30   1.13   1.20   1.20
1960   1.19   1.24   1.27   1.33   1.32   1.19   1.11   1.17   1.17   1.17   1.28   1.33
1961   1.25   1.21   1.03   1.14   1.22   1.21   1.17   1.34   1.24   1.22   1.35   0.98
1962   6.31   4.26   0.00   1.44   1.44   1.44   0.56   1.26   1.26   1.22   1.23   1.27
1963   1.26   1.24   1.26   1.24   0.72   1.17   1.18   1.18   1.19   1.20   1.21   1.23
1964   1.25   1.24   1.06   1.37   1.33   1.26   1.22   1.20   1.21   1.23   1.23   1.26
1965   1.27   1.28   1.30   1.32   1.28   1.23   1.18   1.18   1.19   1.21   1.22   1.23
1966   1.24   1.27   1.32   1.33   1.30   1.15   1.18   1.16   0.00   1.57   1.29   1.26
1967   1.29   1.34   1.38   1.40   1.79   1.17   1.21 116.51   1.25   1.33   0.56   1.76
1968   1.29   1.32   1.32   1.38   1.01   1.17   1.18   1.17   1.17   1.20   1.21   1.23
1969   1.25   1.27   1.30   1.33   1.32   1.26   1.16   1.15   1.18   1.19   1.21   1.22
1970   1.21   1.22   1.33   1.32   1.34   1.19   1.19   1.19   1.20   1.23   1.25   1.24
1971   1.26   1.28   1.33   1.36   1.32   1.28   1.23   1.22   1.22   1.23   1.23   1.25
1972   1.27   1.26   1.33   1.34   1.30   1.24   1.18   1.18   1.19   1.21   1.22   1.23
1973   1.24   1.26   1.27   1.48   1.32   1.25   1.20   1.19   1.20   1.21   1.22   1.23
1974   1.25   1.29   1.32   1.36   1.37   1.30   1.21   1.20   1.26   1.24   1.24   1.26
1975   1.24   1.42   1.36   1.37   1.31   1.25   1.20   1.20   1.20   1.22   1.23   1.24
1976   1.25   1.27   1.35   1.42   0.45   1.16   1.18   1.17   1.19   1.20   1.21   1.23
1977   1.24   1.26   1.27   1.29   1.21   1.21   1.19   1.18   1.20   1.21   1.21   1.22
1978   1.24   1.26   1.23   1.72   1.36   1.30   1.20   1.20   1.20   1.27   1.19   1.22
1979   1.25   1.26   1.29   1.34   1.29   1.31   0.97   1.17   1.18   1.20   1.22   1.23
1980   1.23   1.24   1.26   1.30   1.23   1.21   1.24   1.22   1.21   1.28   1.16   1.16
1981   2.11   1.31   1.38   1.41   1.39   1.25   1.25   1.24   1.19   1.23   1.26   1.26
1982   1.25   1.24   1.32   1.33   1.29   1.25   1.19   1.18   1.20   1.21   1.22   1.23
1983   1.25   1.27   1.31   1.35   1.34   1.34   1.35   1.21   1.20   1.22   1.22   1.24
1984   1.26   1.31   1.36   1.37   1.32   1.29   1.24   1.22   1.25   1.23   1.22   1.24
1985   1.25   1.30   1.34   1.37   1.33   1.30   1.24   1.24   1.23   1.27   1.31   1.27
1986   1.29   1.30   1.37   1.39   1.42  -4.44   1.15   1.19   1.19   1.21   1.22   1.23
1987   1.24   1.27   1.31   1.35   1.32   1.24   1.18   1.18   1.19   1.20   1.21   1.23
1988   1.23   1.12   1.37   1.37   1.31   1.26   1.21   1.19   1.19   1.22   1.22   1.23
1989   1.25   1.28   1.33   1.37   1.37   1.30   1.21   1.18   1.20   1.23   1.28   1.25
1990   1.24   1.26   1.29   1.33   1.32   1.21   1.15   1.18   1.19   1.20   1.22   1.21
1991   1.25   1.27   1.30   1.35   1.30   1.25   1.19   1.17   1.19   1.20   1.22   1.23
1992   1.25   1.28   1.32   1.35   1.34   1.27   1.21   1.15   1.17   1.19   1.17   1.23
1993   1.24   1.27   1.32   1.35   1.33   1.28   1.18   1.17   1.18   1.20   1.22   1.23
1994   1.22   1.26   1.31   1.33   1.30   1.23   1.17   1.18   1.19   1.21   1.21   1.23
1995   1.24   1.26   1.30   1.32   1.30   1.25   1.19   1.19   1.20   1.22   1.23   1.23
1996   1.26   1.29   1.32   1.36   1.35   1.27   1.25   1.19   1.24   1.25   1.25   1.27
1997   1.29   1.20   1.31   1.34   1.30   1.24   1.18   1.18   1.19   1.21   1.22   1.23
1998   1.25   1.27   1.31   1.34   2.72   1.15   1.20   1.19   1.20   1.22   1.22   1.24
1999   1.25   1.28   1.33   1.37   1.34   1.26   1.20   1.19   1.20   1.22   1.22   1.24
2000   1.25   1.28   1.33   1.36   1.35   1.30   1.21   1.20   1.22   1.23   1.23   1.24
2001   1.26   1.30   1.32   1.37   1.39   1.48   0.61   1.73   1.45   1.27   1.23   1.26
2002   1.26   1.26   1.18   1.22   1.24   1.21   1.19   1.18   1.20   1.20   1.22   1.23
2003   1.24   1.27   1.26   1.37   1.38   1.39   1.14   1.14   1.19   1.19   1.21   1.20
2004   1.24   1.24   1.21   1.32   1.23   1.21   1.17   1.17   1.19   1.21   1.21   1.23
2005   1.24   1.26   1.30   1.32   1.30   1.30   1.33   1.19   1.29   1.26   1.23   1.25
2006   1.26   1.28   1.33   1.37   1.38   1.64   1.17   1.19   1.19   1.21   1.22   1.22
2007   1.23   1.16   1.39   1.39   1.35   1.28   1.20   1.20   1.21   1.22   1.23   1.24
2008   1.25   1.28   1.32   1.36   1.35   1.32   1.25   1.19   1.21   1.22   1.23   1.24
2009   1.26   1.29   1.34   1.36   2.04   1.19   1.16   1.18   1.19   1.20   1.22   1.23
2010   1.25   1.27   1.29   1.35   1.28   1.24   1.19   1.19   1.20   1.21   1.23   1.23
2011   1.25   1.28   1.33   1.37   1.35   1.31   1.20   1.20   1.20   1.22   1.22   1.23
2012   1.26   1.28   1.35   1.37   1.44   0.37   1.16   1.17   1.19   1.19   1.53   1.24
2013   1.26   1.29   1.33   1.36   1.34   1.28   1.22   1.19   1.21   1.23   1.22   1.24
2014   1.27   1.27   1.28   1.29   1.30  -0.00   1.21   1.17   1.19   1.20   1.22   1.21
2015   1.23   1.27   1.33   1.35   1.31   1.24   1.19   1.18   1.19   1.21   1.22   1.23
2016   1.25   1.27   1.31   1.34   1.74   1.20   1.19   1.20   1.21   1.22   1.23   1.24
2017   1.25   1.28   1.34   1.40   1.68   1.37   1.21   1.20   1.20   1.22   1.23   1.23
2018   1.25   1.29   1.33   1.37   1.41   2.57   1.11   1.16   1.21   1.20   1.22   1.23
2019   1.25   1.28   1.30   1.34   1.32   1.26   1.27   1.21   0.95   1.19   1.22   1.21
2020   1.22   1.28   1.05   1.34   1.29   1.27   1.21   1.20   1.20   1.22   1.22   1.23
2021   1.25   1.28   1.33   1.37   1.35   1.27   1.19   1.19   1.20   1.21   1.23   1.23
2022   1.26   1.29   1.33   1.36   1.34   1.28   1.20   1.19   1.20   1.21   1.22   1.23
2023   1.25   1.28   1.32   1.37   2.07   1.19   1.17   1.19   1.19   1.21   1.22   1.23
2024   1.24   1.27   1.29   1.24   1.31   1.27   1.20   1.19   1.20   1.21   1.23   1.25
2025   1.26   1.28   1.34   1.37   1.37   1.27   1.22   1.20   1.20   1.22   1.23   1.24
2026   1.26   1.29   1.32   1.43   1.30   1.24   1.20    NaN    NaN    NaN    NaN    NaN
