YR   MTH   ANOM
1949  12  -1.03
1950   1  -1.34
1950   2  -1.19
1950   3  -0.70
1950   4  -0.99
1950   5  -1.32
1950   6  -0.66
1950   7  -0.27
1950   8  -0.23
1950   9  -0.48
1950  10  -0.16
1950  11  -0.51
1950  12  -0.42
1951   1  -0.58
1951   2   0.17
1951   3   0.67
1951   4   0.60
1951   5   0.61
1951   6   0.55
1951   7   0.90
1951   8   0.93
1951   9   1.07
1951  10   1.14
1951  11   0.74
1951  12   0.93
1952   1   0.47
1952   2   0.54
1952   3  -0.01
1952   4   0.85
1952   5  -0.13
1952   6  -0.80
1952   7  -0.42
1952   8  -0.01
1952   9   0.01
1952  10   0.25
1952  11  -0.15
1952  12  -0.40
1953   1   0.86
1953   2   0.75
1953   3   0.40
1953   4   0.88
1953   5   0.88
1953   6   1.05
1953   7   0.59
1953   8   0.41
1953   9   1.19
1953  10   0.36
1953  11   0.95
1953  12   0.41
1954   1   0.63
1954   2   0.87
1954   3   0.39
1954   4  -0.32
1954   5  -0.13
1954   6  -0.27
1954   7  -0.24
1954   8  -0.85
1954   9  -0.78
1954  10   0.01
1954  11  -0.15
1954  12  -0.15
1955   1  -0.25
1955   2   0.05
1955   3  -0.21
1955   4  -0.23
1955   5  -0.68
1955   6  -0.16
1955   7  -0.72
1955   8  -0.33
1955   9  -1.04
1955  10  -1.33
1955  11  -1.56
1955  12  -1.31
1956   1  -1.05
1956   2  -0.08
1956   3  -0.08
1956   4  -0.20
1956   5   0.01
1956   6   0.10
1956   7  -0.15
1956   8  -0.39
1956   9   0.01
1956  10   0.01
1956  11  -0.43
1956  12  -0.01
1957   1  -0.07
1957   2   0.07
1957   3   0.66
1957   4   0.87
1957   5   0.98
1957   6   0.78
1957   7   0.94
1957   8   1.36
1957   9   0.85
1957  10   1.21
1957  11   1.43
1957  12   1.71
1958   1   2.10
1958   2   1.84
1958   3   1.43
1958   4   0.64
1958   5   0.77
1958   6   0.57
1958   7   0.35
1958   8   0.43
1958   9   0.01
1958  10   0.24
1958  11   0.48
1958  12   0.38
1959   1   1.05
1959   2   0.87
1959   3   0.57
1959   4   0.46
1959   5   0.40
1959   6   0.11
1959   7  -0.25
1959   8  -0.19
1959   9  -0.24
1959  10   0.23
1959  11   0.13
1959  12   0.36
1960   1   0.17
1960   2   0.07
1960   3   0.33
1960   4   0.24
1960   5   0.17
1960   6   0.06
1960   7  -0.05
1960   8   0.35
1960   9   0.29
1960  10   0.13
1960  11  -0.20
1960  12  -0.16
1961   1   0.09
1961   2   0.15
1961   3   0.00
1961   4  -0.06
1961   5   0.25
1961   6   0.53
1961   7   0.13
1961   8  -0.05
1961   9  -0.29
1961  10  -0.35
1961  11   0.15
1961  12   0.03
1962   1  -0.11
1962   2   0.07
1962   3   0.02
1962   4  -0.11
1962   5  -0.39
1962   6   0.00
1962   7  -0.02
1962   8   0.07
1962   9  -0.35
1962  10  -0.17
1962  11  -0.40
1962  12  -0.32
1963   1  -0.38
1963   2  -0.18
1963   3   0.19
1963   4   0.11
1963   5  -0.12
1963   6   0.05
1963   7   1.17
1963   8   0.97
1963   9   1.11
1963  10   1.13
1963  11   0.94
1963  12   1.27
1964   1   0.98
1964   2   0.73
1964   3   0.10
1964   4  -0.52
1964   5  -0.70
1964   6  -0.76
1964   7  -0.53
1964   8  -0.47
1964   9  -0.64
1964  10  -0.48
1964  11  -0.79
1964  12  -0.48
1965   1  -0.16
1965   2   0.15
1965   3   0.31
1965   4   0.20
1965   5   0.59
1965   6   1.13
1965   7   1.30
1965   8   1.57
1965   9   1.59
1965  10   2.11
1965  11   1.87
1965  12   1.98
1966   1   1.57
1966   2   1.04
1966   3   1.26
1966   4   0.82
1966   5  -0.29
1966   6   0.41
1966   7   0.53
1966   8   0.02
1966   9   0.01
1966  10  -0.02
1966  11  -0.08
1966  12  -0.26
1967   1  -0.33
1967   2  -0.19
1967   3  -0.19
1967   4  -0.67
1967   5  -0.07
1967   6   0.46
1967   7   0.24
1967   8   0.04
1967   9  -0.31
1967  10  -0.07
1967  11   0.14
1967  12  -0.02
1968   1  -0.20
1968   2  -0.47
1968   3  -0.41
1968   4  -0.09
1968   5  -0.27
1968   6   0.58
1968   7   0.65
1968   8   0.47
1968   9   0.27
1968  10   0.44
1968  11   0.98
1968  12   0.81
1969   1   1.26
1969   2   1.14
1969   3   0.60
1969   4   0.25
1969   5   0.47
1969   6   0.37
1969   7   0.07
1969   8   0.41
1969   9   0.56
1969  10   0.75
1969  11   0.72
1969  12   0.97
1970   1   0.36
1970   2   0.07
1970   3   0.22
1970   4   0.43
1970   5   0.08
1970   6  -0.14
1970   7  -0.64
1970   8  -0.64
1970   9  -0.65
1970  10  -0.37
1970  11  -0.69
1970  12  -0.58
1971   1  -1.29
1971   2  -0.98
1971   3  -0.74
1971   4  -0.62
1971   5  -0.36
1971   6  -0.48
1971   7  -0.27
1971   8  -0.15
1971   9  -0.32
1971  10  -0.43
1971  11  -0.45
1971  12  -0.37
1972   1  -0.33
1972   2   0.07
1972   3   0.36
1972   4   0.54
1972   5   0.64
1972   6   0.81
1972   7   1.16
1972   8   1.47
1972   9   1.58
1972  10   1.87
1972  11   2.01
1972  12   2.02
1973   1   1.60
1973   2   1.45
1973   3   0.71
1973   4  -0.43
1973   5  -0.78
1973   6  -0.97
1973   7  -1.19
1973   8  -1.13
1973   9  -1.26
1973  10  -1.51
1973  11  -2.14
1973  12  -1.94
1974   1  -1.65
1974   2  -1.20
1974   3  -0.98
1974   4  -0.75
1974   5  -0.80
1974   6  -0.16
1974   7  -0.53
1974   8  -0.12
1974   9   0.02
1974  10  -0.60
1974  11  -0.76
1974  12  -0.41
1975   1   0.12
1975   2  -0.09
1975   3  -0.42
1975   4  -0.36
1975   5  -0.48
1975   6  -0.99
1975   7  -0.73
1975   8  -0.90
1975   9  -1.00
1975  10  -1.05
1975  11  -0.79
1975  12  -1.21
1976   1  -1.34
1976   2  -0.46
1976   3  -0.15
1976   4  -0.16
1976   5  -0.11
1976   6   0.31
1976   7   0.61
1976   8   0.63
1976   9   0.93
1976  10   1.12
1976  11   1.08
1976  12   0.95
1977   1   1.21
1977   2   0.71
1977   3   0.75
1977   4  -0.08
1977   5   0.30
1977   6   0.55
1977   7   0.70
1977   8   0.19
1977   9   0.55
1977  10   1.11
1977  11   1.00
1977  12   1.20
1978   1   0.97
1978   2   0.71
1978   3   0.45
1978   4  -0.39
1978   5  -0.26
1978   6  -0.33
1978   7  -0.15
1978   8  -0.49
1978   9  -0.18
1978  10  -0.15
1978  11   0.08
1978  12   0.52
1979   1   0.20
1979   2   0.32
1979   3   0.39
1979   4   0.20
1979   5   0.09
1979   6   0.10
1979   7  -0.10
1979   8   0.14
1979   9   0.75
1979  10   0.35
1979  11   0.46
1979  12   0.75
1980   1   0.70
1980   2   0.50
1980   3   0.15
1980   4   0.11
1980   5   0.16
1980   6   0.56
1980   7   0.13
1980   8  -0.27
1980   9  -0.16
1980  10  -0.11
1980  11   0.09
1980  12   0.45
1981   1  -0.27
1981   2  -0.26
1981   3   0.00
1981   4  -0.58
1981   5  -0.15
1981   6  -0.17
1981   7  -0.46
1981   8  -0.05
1981   9   0.04
1981  10  -0.07
1981  11  -0.49
1981  12  -0.07
1982   1   0.32
1982   2   0.07
1982   3   0.29
1982   4   0.34
1982   5   0.76
1982   6   1.12
1982   7   0.63
1982   8   0.93
1982   9   1.85
1982  10   2.14
1982  11   2.10
1982  12   2.48
1983   1   2.50
1983   2   2.21
1983   3   1.74
1983   4   1.06
1983   5   1.09
1983   6   0.46
1983   7  -0.15
1983   8  -0.21
1983   9  -0.32
1983  10  -1.25
1983  11  -1.14
1983  12  -0.93
1984   1  -0.81
1984   2  -0.14
1984   3  -0.60
1984   4  -0.63
1984   5  -0.55
1984   6  -0.69
1984   7  -0.28
1984   8   0.01
1984   9  -0.24
1984  10  -0.59
1984  11  -0.99
1984  12  -1.07
1985   1  -0.73
1985   2  -0.71
1985   3  -0.60
1985   4  -0.94
1985   5  -0.74
1985   6  -0.63
1985   7  -0.27
1985   8  -0.09
1985   9  -0.23
1985  10  -0.16
1985  11  -0.14
1985  12  -0.11
1986   1  -0.38
1986   2  -0.29
1986   3  -0.14
1986   4  -0.13
1986   5  -0.15
1986   6  -0.04
1986   7   0.17
1986   8   0.65
1986   9   0.88
1986  10   0.83
1986  11   1.27
1986  12   1.54
1987   1   1.44
1987   2   1.40
1987   3   1.21
1987   4   0.83
1987   5   0.76
1987   6   0.95
1987   7   1.12
1987   8   1.27
1987   9   1.52
1987  10   1.22
1987  11   0.87
1987  12   0.86
1988   1   0.66
1988   2  -0.18
1988   3  -0.14
1988   4  -0.89
1988   5  -1.69
1988   6  -1.90
1988   7  -1.63
1988   8  -1.38
1988   9  -1.06
1988  10  -1.89
1988  11  -2.17
1988  12  -1.79
1989   1  -1.87
1989   2  -1.27
1989   3  -0.96
1989   4  -1.09
1989   5  -0.62
1989   6  -0.23
1989   7  -0.43
1989   8  -0.56
1989   9  -0.17
1989  10  -0.20
1989  11  -0.32
1989  12   0.29
1990   1   0.20
1990   2   0.47
1990   3   0.23
1990   4   0.27
1990   5   0.28
1990   6   0.02
1990   7   0.31
1990   8   0.31
1990   9   0.37
1990  10   0.31
1990  11   0.13
1990  12   0.45
1991   1   0.72
1991   2   0.53
1991   3   0.34
1991   4   0.40
1991   5   0.51
1991   6   0.76
1991   7   0.81
1991   8   1.01
1991   9   0.68
1991  10   1.33
1991  11   1.60
1991  12   2.05
1992   1   2.26
1992   2   2.05
1992   3   1.93
1992   4   1.84
1992   5   1.51
1992   6   0.85
1992   7   0.45
1992   8   0.25
1992   9   0.21
1992  10  -0.09
1992  11   0.17
1992  12   0.28
1993   1   0.60
1993   2   0.78
1993   3   0.74
1993   4   1.07
1993   5   1.38
1993   6   0.55
1993   7   0.38
1993   8   0.43
1993   9   0.58
1993  10   0.44
1993  11   0.36
1993  12   0.51
1994   1   0.38
1994   2   0.10
1994   3   0.23
1994   4   0.36
1994   5   0.36
1994   6   0.47
1994   7   0.41
1994   8   0.72
1994   9   0.66
1994  10   0.98
1994  11   1.25
1994  12   1.47
1995   1   1.13
1995   2   0.92
1995   3   0.53
1995   4   0.19
1995   5  -0.12
1995   6  -0.27
1995   7  -0.30
1995   8  -0.66
1995   9  -0.74
1995  10  -0.88
1995  11  -1.17
1995  12  -1.00
1996   1  -0.80
1996   2  -0.81
1996   3  -0.64
1996   4  -0.29
1996   5  -0.19
1996   6  -0.27
1996   7  -0.26
1996   8  -0.06
1996   9  -0.29
1996  10  -0.25
1996  11  -0.21
1996  12  -0.44
1997   1  -0.21
1997   2   0.03
1997   3   0.07
1997   4   0.41
1997   5   0.93
1997   6   1.14
1997   7   1.52
1997   8   1.85
1997   9   2.15
1997  10   2.20
1997  11   2.29
1997  12   2.25
1998   1   2.29
1998   2   1.86
1998   3   1.32
1998   4   0.48
1998   5   0.65
1998   6  -0.93
1998   7  -1.11
1998   8  -1.11
1998   9  -1.19
1998  10  -1.42
1998  11  -1.37
1998  12  -1.74
1999   1  -1.72
1999   2  -1.22
1999   3  -0.91
1999   4  -0.83
1999   5  -0.89
1999   6  -0.71
1999   7  -0.87
1999   8  -0.92
1999   9  -0.79
1999  10  -0.91
1999  11  -1.48
1999  12  -1.61
2000   1  -1.59
2000   2  -1.31
2000   3  -1.03
2000   4  -0.84
2000   5  -0.77
2000   6  -0.43
2000   7  -0.41
2000   8  -0.22
2000   9  -0.24
2000  10  -0.61
2000  11  -0.79
2000  12  -0.97
2001   1  -0.70
2001   2  -0.70
2001   3  -0.45
2001   4  -0.52
2001   5  -0.27
2001   6  -0.05
2001   7   0.08
2001   8   0.01
2001   9  -0.15
2001  10   0.00
2001  11  -0.38
2001  12  -0.44
2002   1  -0.13
2002   2   0.09
2002   3   0.06
2002   4  -0.07
2002   5   0.16
2002   6   0.57
2002   7   0.60
2002   8   0.75
2002   9   1.06
2002  10   1.09
2002  11   1.40
2002  12   1.48
2003   1   0.50
2003   2   0.57
2003   3   0.34
2003   4  -0.22
2003   5  -0.70
2003   6  -0.09
2003   7   0.07
2003   8   0.12
2003   9   0.07
2003  10   0.31
2003  11   0.13
2003  12   0.31
2004   1   0.23
2004   2   0.14
2004   3  -0.02
2004   4   0.09
2004   5   0.19
2004   6   0.27
2004   7   0.62
2004   8   0.74
2004   9   0.73
2004  10   0.66
2004  11   0.70
2004  12   0.75
2005   1   0.61
2005   2   0.26
2005   3   0.33
2005   4   0.19
2005   5   0.24
2005   6   0.17
2005   7  -0.25
2005   8  -0.09
2005   9   0.00
2005  10  -0.03
2005  11  -0.50
2005  12  -0.98
2006   1  -0.94
2006   2  -0.78
2006   3  -0.91
2006   4  -0.38
2006   5  -0.18
2006   6  -0.02
2006   7   0.05
2006   8   0.40
2006   9   0.61
2006  10   0.69
2006  11   0.88
2006  12   1.15
2007   1   0.65
2007   2   0.00
2007   3  -0.16
2007   4  -0.30
2007   5  -0.53
2007   6  -0.25
2007   7  -0.54
2007   8  -0.72
2007   9  -1.11
2007  10  -1.28
2007  11  -1.60
2007  12  -1.57
2008   1  -1.77
2008   2  -1.85
2008   3  -1.24
2008   4  -1.09
2008   5  -0.80
2008   6  -0.51
2008   7  -0.06
2008   8  -0.14
2008   9  -0.32
2008  10  -0.33
2008  11  -0.50
2008  12  -0.98
2009   1  -1.10
2009   2  -0.79
2009   3  -0.86
2009   4  -0.44
2009   5   0.01
2009   6   0.29
2009   7   0.43
2009   8   0.35
2009   9   0.48
2009  10   0.75
2009  11   1.35
2009  12   1.76
2010   1   1.38
2010   2   1.17
2010   3   0.78
2010   4   0.13
2010   5  -0.62
2010   6  -1.00
2010   7  -1.29
2010   8  -1.34
2010   9  -1.53
2010  10  -1.74
2010  11  -1.57
2010  12  -1.57
2011   1  -1.52
2011   2  -1.17
2011   3  -0.94
2011   4  -0.79
2011   5  -0.54
2011   6  -0.24
2011   7  -0.10
2011   8  -0.54
2011   9  -0.59
2011  10  -0.98
2011  11  -1.16
2011  12  -0.93
2012   1  -0.79
2012   2  -0.58
2012   3  -0.43
2012   4  -0.48
2012   5  -0.36
2012   6   0.07
2012   7   0.33
2012   8   0.59
2012   9   0.37
2012  10   0.13
2012  11   0.13
2012  12  -0.35
2013   1  -0.60
2013   2  -0.70
2013   3  -0.40
2013   4  -0.37
2013   5  -0.56
2013   6  -0.50
2013   7  -0.37
2013   8  -0.56
2013   9  -0.21
2013  10  -0.36
2013  11  -0.09
2013  12  -0.25
2014   1  -0.48
2014   2  -0.56
2014   3  -0.11
2014   4   0.22
2014   5   0.23
2014   6   0.01
2014   7  -0.24
2014   8  -0.19
2014   9   0.14
2014  10   0.22
2014  11   0.68
2014  12   0.71
2015   1   0.48
2015   2   0.44
2015   3   0.50
2015   4   0.83
2015   5   0.83
2015   6   1.01
2015   7   1.22
2015   8   1.58
2015   9   1.83
2015  10   1.99
2015  11   2.27
2015  12   2.27
2016   1   2.21
2016   2   1.92
2016   3   1.29
2016   4   0.68
2016   5  -0.01
2016   6  -0.44
2016   7  -0.86
2016   8  -0.81
2016   9  -0.75
2016  10  -1.06
2016  11  -1.07
2016  12  -0.74
2017   1  -0.86
2017   2  -0.21
2017   3  -0.26
2017   4  -0.08
2017   5   0.03
2017   6  -0.02
2017   7  -0.13
2017   8  -0.53
2017   9  -0.71
2017  10  -0.61
2017  11  -1.13
2017  12  -1.17
2018   1  -1.13
2018   2  -0.94
2018   3  -1.05
2018   4  -0.72
2018   5  -0.29
2018   6   0.03
2018   7   0.19
2018   8   0.03
2018   9   0.27
2018  10   0.74
2018  11   0.87
2018  12   0.85
2019   1   0.62
2019   2   0.56
2019   3   0.73
2019   4   0.43
2019   5   0.43
2019   6   0.25
2019   7   0.05
2019   8  -0.19
2019   9  -0.23
2019  10   0.38
2019  11   0.30
2019  12   0.18
2020   1   0.18
2020   2   0.06
2020   3   0.05
2020   4  -0.04
2020   5  -0.77
2020   6  -0.84
2020   7  -0.54
2020   8  -0.89
2020   9  -1.12
2020  10  -1.49
2020  11  -1.50
2020  12  -1.41
2021   1  -1.27
2021   2  -1.29
2021   3  -0.98
2021   4  -0.98
2021   5  -0.71
2021   6  -0.36
2021   7  -0.64
2021   8  -0.81
2021   9  -0.83
2021  10  -1.20
2021  11  -1.22
2021  12  -1.29
2022   1  -1.16
2022   2  -1.08
2022   3  -1.16
2022   4  -1.35
2022   5  -1.28
2022   6  -0.88
2022   7  -0.69
2022   8  -1.02
2022   9  -1.13
2022  10  -1.06
2022  11  -1.13
2022  12  -0.98
2023   1  -0.88
2023   2  -0.73
2023   3  -0.44
2023   4  -0.49
2023   5  -0.01
2023   6   0.37
2023   7   0.48
2023   8   0.78
2023   9   1.10
2023  10   1.25
2023  11   1.55
2023  12   1.48
2024   1   1.18
2024   2   0.74
2024   3   0.41
2024   4   0.11
2024   5  -0.41
2024   6  -0.53
2024   7  -0.41
2024   8  -0.53
2024   9  -0.75
2024  10  -0.73
2024  11  -0.81
2024  12  -1.10
2025   1  -1.23
2025   2  -0.96
2025   3  -0.35
2025   4  -0.66
2025   5  -0.50
2025   6  -0.27
2025   7  -0.32
2025   8  -0.62
2025   9  -0.82
2025  10  -0.90
2025  11  -1.08
2025  12  -0.95
2026   1  -1.09
2026   2  -0.69
2026   3  -0.50
2026   4  -0.13
2026   5   0.52
2026   6   1.07
2026   7   1.33
2026   8   1.67
